t<-c(0, 0.5, 1, 1.5, 2, 2.5, 3, 3.5, 4, 4.5, 5, 5.5, 6, 6.5, 7, 7.5, 8, 8.5, 9, 9.5, 10, 10.5, 11, 11.5, 12, 12.5, 13, 13.5, 14, 14.5, 15, 15.5, 16, 16.5, 17, 17.5, 18, 18.5, 19, 19.5, 20, 20.5, 21, 21.5, 22, 22.5, 23, 23.5, 24, 24.5, 25, 25.5, 26, 26.5, 27, 27.5, 28, 28.5, 29, 29.5, 30, 30.5, 31, 31.5, 32, 32.5, 33, 33.5, 34, 34.5, 35, 35.5, 36, 36.5, 37, 37.5, 38, 38.5, 39, 39.5, 40, 40.5, 41, 41.5, 42, 42.5, 43, 43.5, 44, 44.5, 45, 45.5, 46, 46.5, 47, 47.5, 48, 48.5, 49, 49.5, 50, 50.5, 51, 51.5, 52, 52.5, 53, 53.5, 54, 54.5, 55, 55.5, 56, 56.5, 57, 57.5, 58, 58.5, 59, 59.5, 60, 60.5, 61, 61.5, 62, 62.5, 63, 63.5, 64, 64.5, 65, 65.5, 66, 66.5, 67, 67.5, 68, 68.5, 69, 69.5, 70, 70.5, 71, 71.5, 72, 72.5, 73, 73.5, 74, 74.5, 75, 75.5, 76, 76.5, 77, 77.5, 78, 78.5, 79, 79.5, 80, 80.5, 81, 81.5, 82, 82.5, 83, 83.5, 84, 84.5, 85, 85.5, 86, 86.5, 87, 87.5, 88, 88.5, 89, 89.5, 90, 90.5, 91, 91.5, 92, 92.5, 93, 93.5, 94, 94.5, 95, 95.5, 96, 96.5, 97, 97.5, 98, 98.5, 99, 99.5, 100, 100.5, 101, 101.5, 102, 102.5, 103, 103.5, 104, 104.5, 105, 105.5, 106, 106.5, 107, 107.5, 108, 108.5, 109, 109.5, 110, 110.5, 111, 111.5, 112, 112.5, 113, 113.5, 114, 114.5, 115, 115.5, 116, 116.5, 117, 117.5, 118, 118.5, 119, 119.5, 120, 120.5, 121, 121.5, 122, 122.5, 123, 123.5, 124, 124.5, 125, 125.5, 126, 126.5, 127, 127.5, 128, 128.5, 129, 129.5, 130, 130.5, 131, 131.5, 132, 132.5, 133, 133.5, 134, 134.5, 135, 135.5, 136, 136.5, 137, 137.5, 138, 138.5, 139, 139.5, 140, 140.5, 141, 141.5, 142, 142.5, 143, 143.5, 144, 144.5, 145, 145.5, 146, 146.5, 147, 147.5, 148, 148.5, 149, 149.5, 150, 150.5, 151, 151.5, 152, 152.5, 153, 153.5, 154, 154.5, 155, 155.5, 156, 156.5, 157, 157.5, 158, 158.5, 159, 159.5, 160, 160.5, 161, 161.5, 162, 162.5, 163, 163.5, 164, 164.5, 165, 165.5, 166, 166.5, 167, 167.5, 168, 168.5, 169, 169.5, 170, 170.5, 171, 171.5, 172, 172.5, 173, 173.5, 174, 174.5, 175, 175.5, 176, 176.5, 177, 177.5, 178, 178.5, 179, 179.5, 180, 180.5, 181, 181.5, 182, 182.5, 183, 183.5, 184, 184.5, 185, 185.5, 186, 186.5, 187, 187.5, 188, 188.5, 189, 189.5, 190, 190.5, 191, 191.5, 192, 192.5, 193, 193.5, 194, 194.5, 195, 195.5, 196, 196.5, 197, 197.5, 198, 198.5, 199, 199.5, 200, 200.5, 201, 201.5, 202, 202.5, 203, 203.5, 204, 204.5, 205, 205.5, 206, 206.5, 207, 207.5, 208, 208.5, 209, 209.5, 210, 210.5, 211, 211.5, 212, 212.5, 213, 213.5, 214, 214.5, 215, 215.5, 216, 216.5, 217, 217.5, 218, 218.5, 219, 219.5, 220, 220.5, 221, 221.5, 222, 222.5, 223, 223.5, 224, 224.5, 225, 225.5, 226, 226.5, 227, 227.5, 228, 228.5, 229, 229.5, 230, 230.5, 231, 231.5, 232, 232.5, 233, 233.5, 234, 234.5, 235, 235.5, 236, 236.5, 237, 237.5, 238, 238.5, 239, 239.5, 240, 240.5, 241, 241.5, 242, 242.5, 243, 243.5, 244, 244.5, 245, 245.5, 246, 246.5, 247, 247.5, 248, 248.5, 249, 249.5, 250, 250.5, 251, 251.5, 252, 252.5, 253, 253.5, 254, 254.5, 255, 255.5, 256, 256.5, 257, 257.5, 258, 258.5, 259, 259.5, 260, 260.5, 261, 261.5, 262, 262.5, 263, 263.5, 264, 264.5, 265, 265.5, 266, 266.5, 267, 267.5, 268, 268.5, 269, 269.5, 270, 270.5, 271, 271.5, 272, 272.5, 273, 273.5, 274, 274.5, 275, 275.5, 276, 276.5, 277, 277.5, 278, 278.5, 279, 279.5, 280, 280.5, 281, 281.5, 282, 282.5, 283, 283.5, 284, 284.5, 285, 285.5, 286, 286.5, 287, 287.5, 288, 288.5, 289, 289.5, 290, 290.5, 291, 291.5, 292, 292.5, 293, 293.5, 294, 294.5, 295, 295.5, 296, 296.5, 297, 297.5, 298, 298.5, 299, 299.5);
q0<-c(16101.0364981721, 16104.7881946927, 16108.534364825, 16112.2750058428, 16116.0101150203, 16119.7396896321, 16123.4637269536, 16127.1822242606, 16130.8951788295, 16134.6025879371, 16138.3044488611, 16142.0007588793, 16145.6915152705, 16149.3767153137, 16153.0563562886, 16156.7304354755, 16160.3989501552, 16164.0618976092, 16167.7192751193, 16171.3710799682, 16175.0173094389, 16178.6579608151, 16182.2930313812, 16185.9225184219, 16189.5464192228, 16193.1647310699, 16196.7774512497, 16200.3845770495, 16203.9861057571, 16207.582034661, 16211.1723610502, 16214.7570822142, 16218.3361954433, 16221.9096980283, 16225.4775872608, 16229.0398604327, 16232.5965148368, 16236.1475477662, 16239.6929565151, 16243.2327383779, 16246.7668906498, 16250.2954106265, 16253.8182956047, 16257.3355428813, 16260.8471497541, 16264.3531135214, 16267.8534314823, 16271.3481009363, 16274.8371191839, 16278.3204835259, 16281.7981912641, 16285.2702397006, 16288.7366261384, 16292.1973478812, 16295.6524022331, 16299.1017864992, 16302.5454979851, 16305.983533997, 16309.4158918419, 16312.8425688275, 16316.2635622622, 16319.6788694549, 16323.0884877154, 16326.4924143541, 16329.890646682, 16333.2831820111, 16336.6700176539, 16340.0511509234, 16343.4265791338, 16346.7962995995, 16350.1603096361, 16353.5186065595, 16356.8711876865, 16360.2180503347, 16363.5591918223, 16366.8946094683, 16370.2243005923, 16373.5482625149, 16376.8664925572, 16380.1789880412, 16383.4857462894, 16386.7867646254, 16390.0820403732, 16393.3715708579, 16396.6553534051, 16399.9333853413, 16403.2056639937, 16406.4721866901, 16409.7329507595, 16412.9879535312, 16416.2371923357, 16419.4806645039, 16422.7183673678, 16425.95029826, 16429.176454514, 16432.3968334638, 16435.6114324447, 16438.8202487924, 16442.0232798435, 16445.2205229355, 16448.4119754067, 16451.597634596, 16454.7774978434, 16457.9515624896, 16461.119825876, 16464.282285345, 16467.4389382399, 16470.5897819045, 16473.7348136838, 16476.8740309233, 16480.0074309697, 16483.1350111704, 16486.2567688734, 16489.372701428, 16492.482806184, 16495.5870804923, 16498.6855217044, 16501.778127173, 16504.8648942514, 16507.9458202937, 16511.0209026554, 16514.0901386922, 16517.1535257612, 16520.2110612202, 16523.2627424278, 16526.3085667436, 16529.348531528, 16532.3826341426, 16535.4108719495, 16538.433242312, 16541.4497425942, 16544.460370161, 16547.4651223786, 16550.4639966137, 16553.4569902342, 16556.4441006088, 16559.425325107, 16562.4006610997, 16565.3701059583, 16568.3336570553, 16571.2913117641, 16574.2430674592, 16577.1889215158, 16580.1288713104, 16583.0629142202, 16585.9910476235, 16588.9132688994, 16591.8295754281, 16594.7399645909, 16597.64443377, 16600.5429803483, 16603.4356017102, 16606.3222952407, 16609.2030583259, 16612.077888353, 16614.9467827102, 16617.8097387866, 16620.6667539724, 16623.5178256587, 16626.3629512377, 16629.2021281026, 16632.0353536478, 16634.8626252686, 16637.6839403613, 16640.4992963231, 16643.3086905526, 16646.1121204493, 16648.9095834137, 16651.7010768472, 16654.4865981528, 16657.2661447338, 16660.0397139953, 16662.8073033431, 16665.5689101839, 16668.324531926, 16671.0741659783, 16673.8178097511, 16676.5554606556, 16679.2871161043, 16682.0127735107, 16684.7324302892, 16687.4460838556, 16690.1537316267, 16692.8553710205, 16695.550999456, 16698.2406143535, 16700.9242131341, 16703.6017932205, 16706.273352036, 16708.9388870056, 16711.5983955551, 16714.2518751116, 16716.8993231031, 16719.5407369591, 16722.1761141101, 16724.8054519879, 16727.4287480252, 16730.0459996561, 16732.6572043158, 16735.2623594408, 16737.8614624687, 16740.4545108382, 16743.0415019894, 16745.6224333635, 16748.1973024028, 16750.766106551, 16753.3288432529, 16755.8855099548, 16758.4361041037, 16760.9806231483, 16763.5190645383, 16766.0514257248, 16768.5777041599, 16771.0978972972, 16773.6120025914, 16776.1200174986, 16778.6219394759, 16781.117765982, 16783.6074944766, 16786.0911224208, 16788.5686472771, 16791.040066509, 16793.5053775815, 16795.9645779608, 16798.4176651145, 16800.8646365114, 16803.3054896217, 16805.7402219169, 16808.1688308696, 16810.5913139541, 16813.0076686457, 16815.4178924212, 16817.8219827588, 16820.2199371378, 16822.611753039, 16824.9974279446, 16827.3769593381, 16829.7503447044, 16832.1175815296, 16834.4786673014, 16836.8335995086, 16839.1823756417, 16841.5249931924, 16843.8614496539, 16846.1917425205, 16848.5158692883, 16850.8338274546, 16853.1456145181, 16855.4512279788, 16857.7506653385, 16860.0439241, 16862.3310017678, 16864.6118958476, 16866.886603847, 16869.1551232744, 16871.4174516402, 16873.6735864559, 