t<-c(0, 0.5, 1, 1.5, 2, 2.5, 3, 3.5, 4, 4.5, 5, 5.5, 6, 6.5, 7, 7.5, 8, 8.5, 9, 9.5, 10, 10.5, 11, 11.5, 12, 12.5, 13, 13.5, 14, 14.5, 15, 15.5, 16, 16.5, 17, 17.5, 18, 18.5, 19, 19.5, 20, 20.5, 21, 21.5, 22, 22.5, 23, 23.5, 24, 24.5, 25, 25.5, 26, 26.5, 27, 27.5, 28, 28.5, 29, 29.5, 30, 30.5, 31, 31.5, 32, 32.5, 33, 33.5, 34, 34.5, 35, 35.5, 36, 36.5, 37, 37.5, 38, 38.5, 39, 39.5, 40, 40.5, 41, 41.5, 42, 42.5, 43, 43.5, 44, 44.5, 45, 45.5, 46, 46.5, 47, 47.5, 48, 48.5, 49, 49.5, 50, 50.5, 51, 51.5, 52, 52.5, 53, 53.5, 54, 54.5, 55, 55.5, 56, 56.5, 57, 57.5, 58, 58.5, 59, 59.5, 60, 60.5, 61, 61.5, 62, 62.5, 63, 63.5, 64, 64.5, 65, 65.5, 66, 66.5, 67, 67.5, 68, 68.5, 69, 69.5, 70, 70.5, 71, 71.5, 72, 72.5, 73, 73.5, 74, 74.5, 75, 75.5, 76, 76.5, 77, 77.5, 78, 78.5, 79, 79.5, 80, 80.5, 81, 81.5, 82, 82.5, 83, 83.5, 84, 84.5, 85, 85.5, 86, 86.5, 87, 87.5, 88, 88.5, 89, 89.5, 90, 90.5, 91, 91.5, 92, 92.5, 93, 93.5, 94, 94.5, 95, 95.5, 96, 96.5, 97, 97.5, 98, 98.5, 99, 99.5, 100, 100.5, 101, 101.5, 102, 102.5, 103, 103.5, 104, 104.5, 105, 105.5, 106, 106.5, 107, 107.5, 108, 108.5, 109, 109.5, 110, 110.5, 111, 111.5, 112, 112.5, 113, 113.5, 114, 114.5, 115, 115.5, 116, 116.5, 117, 117.5, 118, 118.5, 119, 119.5, 120, 120.5, 121, 121.5, 122, 122.5, 123, 123.5, 124, 124.5, 125, 125.5, 126, 126.5, 127, 127.5, 128, 128.5, 129, 129.5, 130, 130.5, 131, 131.5, 132, 132.5, 133, 133.5, 134, 134.5, 135, 135.5, 136, 136.5, 137, 137.5, 138, 138.5, 139, 139.5, 140, 140.5, 141, 141.5, 142, 142.5, 143, 143.5, 144, 144.5, 145, 145.5, 146, 146.5, 147, 147.5, 148, 148.5, 149, 149.5, 150, 150.5, 151, 151.5, 152, 152.5, 153, 153.5, 154, 154.5, 155, 155.5, 156, 156.5, 157, 157.5, 158, 158.5, 159, 159.5, 160, 160.5, 161, 161.5, 162, 162.5, 163, 163.5, 164, 164.5, 165, 165.5, 166, 166.5, 167, 167.5, 168, 168.5, 169, 169.5, 170, 170.5, 171, 171.5, 172, 172.5, 173, 173.5, 174, 174.5, 175, 175.5, 176, 176.5, 177, 177.5, 178, 178.5, 179, 179.5, 180, 180.5, 181, 181.5, 182, 182.5, 183, 183.5, 184, 184.5, 185, 185.5, 186, 186.5, 187, 187.5, 188, 188.5, 189, 189.5, 190, 190.5, 191, 191.5, 192, 192.5, 193, 193.5, 194, 194.5, 195, 195.5, 196, 196.5, 197, 197.5, 198, 198.5, 199, 199.5, 200, 200.5, 201, 201.5, 202, 202.5, 203, 203.5, 204, 204.5, 205, 205.5, 206, 206.5, 207, 207.5, 208, 208.5, 209, 209.5, 210, 210.5, 211, 211.5, 212, 212.5, 213, 213.5, 214, 214.5, 215, 215.5, 216, 216.5, 217, 217.5, 218, 218.5, 219, 219.5, 220, 220.5, 221, 221.5, 222, 222.5, 223, 223.5, 224, 224.5, 225, 225.5, 226, 226.5, 227, 227.5, 228, 228.5, 229, 229.5, 230, 230.5, 231, 231.5, 232, 232.5, 233, 233.5, 234, 234.5, 235, 235.5, 236, 236.5, 237, 237.5, 238, 238.5, 239, 239.5, 240, 240.5, 241, 241.5, 242, 242.5, 243, 243.5, 244, 244.5, 245, 245.5, 246, 246.5, 247, 247.5, 248, 248.5, 249, 249.5, 250, 250.5, 251, 251.5, 252, 252.5, 253, 253.5, 254, 254.5, 255, 255.5, 256, 256.5, 257, 257.5, 258, 258.5, 259, 259.5, 260, 260.5, 261, 261.5, 262, 262.5, 263, 263.5, 264, 264.5, 265, 265.5, 266, 266.5, 267, 267.5, 268, 268.5, 269, 269.5, 270, 270.5, 271, 271.5, 272, 272.5, 273, 273.5, 274, 274.5, 275, 275.5, 276, 276.5, 277, 277.5, 278, 278.5, 279, 279.5, 280, 280.5, 281, 281.5, 282, 282.5, 283, 283.5, 284, 284.5, 285, 285.5, 286, 286.5, 287, 287.5, 288, 288.5, 289, 289.5, 290, 290.5, 291, 291.5, 292, 292.5, 293, 293.5, 294, 294.5, 295, 295.5, 296, 296.5, 297, 297.5, 298, 298.5, 299, 299.5);
q0<-c(0.9321009426, 0.9323188722, 0.9325364819, 0.9327537715, 0.932970741, 0.93318739, 0.9334037186, 0.9336197265, 0.9338354135, 0.9340507795, 0.9342658244, 0.934480548, 0.9346949501, 0.9349090306, 0.9351227893, 0.935336226, 0.9355493406, 0.935762133, 0.935974603, 0.9361867504, 0.936398575, 0.9366100768, 0.9368212555, 0.937032111, 0.9372426432, 0.9374528518, 0.9376627368, 0.9378722979, 0.938081535, 0.938290448, 0.9384990367, 0.9387073009, 0.9389152405, 0.9391228553, 0.9393301451, 0.9395371099, 0.9397437495, 0.9399500636, 0.9401560522, 0.940361715, 0.940567052, 0.9407720629, 0.9409767477, 0.9411811061, 0.941385138, 0.9415888432, 0.9417922216, 0.941995273, 0.9421979974, 0.9424003944, 0.942602464, 0.9428042059, 0.9430056202, 0.9432067065, 0.9434074647, 0.9436078947, 0.9438079964, 0.9440077695, 0.9442072139, 0.9444063294, 0.944605116, 0.9448035734, 0.9450017014, 0.9451995, 0.945396969, 0.9455941082, 0.9457909174, 0.9459873965, 0.9461835454, 0.9463793639, 0.9465748518, 0.946770009, 0.9469648353, 0.9471593305, 0.9473534946, 0.9475473274, 0.9477408286, 0.9479339982, 0.948126836, 0.9483193418, 0.9485115155, 0.9487033569, 0.9488948659, 0.9490860423, 0.9492768859, 0.9494673967, 0.9496575744, 0.9498474189, 0.9500369301, 0.9502261077, 0.9504149516, 0.9506034618, 0.9507916379, 0.9509794799, 0.9511669877, 0.9513541609, 0.9515409996, 0.9517275036, 0.9519136726, 0.9520995065, 0.9522850053, 0.9524701686, 0.9526549965, 0.9528394886, 0.953023645, 0.9532074653, 0.9533909495, 0.9535740974, 0.9537569088, 0.9539393837, 0.9541215218, 0.9543033229, 0.954484787, 0.9546659139, 0.9548467034, 0.9550271554, 0.9552072697, 0.9553870462, 0.9555664847, 0.955745585, 0.955924347, 0.9561027706, 0.9562808556, 0.9564586019, 0.9566360092, 0.9568130775, 0.9569898065, 0.9571661962, 0.9573422464, 0.9575179569, 0.9576933275, 0.9578683582, 0.9580430488, 0.958217399, 0.9583914089, 0.9585650781, 0.9587384066, 0.9589113942, 0.9590840408, 0.9592563461, 0.9594283101, 0.9595999326, 0.9597712134, 0.9599421525, 0.9601127495, 0.9602830045, 0.9604529172, 0.9606224874, 0.9607917151, 0.9609606001, 0.9611291422, 0.9612973413, 0.9614651972, 0.9616327098, 0.9617998789, 0.9619667043, 0.962133186, 0.9622993238, 0.9624651174, 0.9626305668, 0.9627956719, 0.9629604324, 0.9631248482, 0.9632889191, 0.9634526451, 0.9636160259, 0.9637790615, 0.9639417515, 0.964104096, 0.9642660948, 0.9644277476, 0.9645890544, 0.964750015, 0.9649106293, 0.965070897, 0.9652308181, 0.9653903924, 0.9655496198, 0.9657085, 0.965867033, 0.9660252186, 0.9661830567, 0.966340547, 0.9664976895, 0.966654484, 0.9668109304, 0.9669670284, 0.967122778, 0.967278179, 0.9674332313, 0.9675879346, 0.967742289, 0.9678962941, 0.9680499499, 0.9682032561, 0.9683562128, 0.9685088196, 0.9686610765, 0.9688129834, 0.96896454, 0.9691157461, 0.9692666018, 0.9694171068, 0.9695672609, 0.9697170641, 0.9698665161, 0.9700156169, 0.9701643662, 0.970312764, 0.97046081, 0.9706085042, 0.9707558464, 0.9709028363, 0.971049474, 0.9711957592, 0.9713416918, 0.9714872717, 0.9716324986, 0.9717773725, 0.9719218932, 0.9720660606, 0.9722098745, 0.9723533347, 0.9724964411, 0.9726391936, 0.972781592, 0.9729236362, 0.9730653261, 0.9732066614, 0.973347642, 0.9734882678, 0.9736285387, 0.9737684544, 0.973908015, 0.9740472201, 0.9741860696, 0.9743245635, 0.9744627015, 0.9746004836, 0.9747379095, 0.9748749792, 0.9750116924, 0.975148049, 0.975284049, 0.9754196921, 0.9755549782, 0.9756899072, 0.9758244788, 0.975958693, 0.9760925497, 0.9762260486, 0.9763591896, 0.9764919727, 0.9766243975, 0.9767564641, 0.9768881722, 0.9770195217, 0.9771505125, 0.9772811444, 0.9774114173, 0.977541331, 0.9776708853, 0.9778000803, 0.9779289156, 0.9780573912, 0.9781855069, 0.9783132625, 0.978440658, 0.9785676931, 0.9786943678, 0.9788206819, 0.9789466352, 0.9790722277, 0.9791974591, 0.9793223293, 0.9794468382, 0.9795709857, 0.9796947715, 0.9798181956, 0.9799412578, 0.9800639579, 0.9801862959, 0.9803082716, 0.9804298848, 0.9805511354, 0.9806720233, 0.9807925482, 0.9809127102, 0.981032509, 0.9811519444, 0.9812710165, 0.9813897249, 0.9815080696, 0.9816260504, 0.9817436672, 0.9818609198, 0.9819778082, 0.9820943321, 0.9822104914, 0.982326286, 0.9824417157, 0.9825567805, 0.9826714801, 0.9827858144, 0.9828997833, 0.9830133867, 0.9831266243, 0.9832394961, 0.9833520019, 0.9834641416, 0.9835759151, 0.9836873221, 0.9837983626, 0.9839090365, 0.9840193435, 0.9841292835, 0.9842388565, 0.9843480622, 0.9844569006, 0.9845653715, 0.9846734747, 0.9847812101, 0.9848885776, 0.984995577, 0.9851022083, 0.9852084712, 0.9853143656, 0.9854198914, 0.9855250485, 0.9856298367, 0.9857342558, 0.9858383058, 0.9859419865, 